%FD=3
June16Test5Data=[ 0.438080  0.081207 -0.872772    0.563049    0.645447    0.123596     0.087497    0.228918   -0.192041    0.183290   -1.478018    2.676394    1.205712   -0.698018    2.714078; 
%Warning! IMU sync sequence took longer than 4 bytes!!
 0.143188 -0.024811 -0.975861   -0.933838    0.343323    0.892639     0.216872   -0.020570   -0.227048   -0.171570   -1.596215    2.995902   -0.094564   -1.661145    2.379114; 
 0.141815 -0.007782 -0.974579   -0.082397    0.343323    1.084900     0.215220   -0.018787   -0.233398   -0.054819   -1.578781    2.997093   -0.087070   -1.651115    2.396692; 
 0.146118 -0.010895 -0.980988   -0.617981   -0.109863    0.508118     0.216785   -0.020483   -0.227483   -0.074424   -1.581902    2.993730   -0.094204   -1.660594    2.380270; 
 0.145386 -0.016022 -0.988861    0.068665    0.961304    0.796509     0.216046   -0.019830   -0.231267   -0.109759   -1.586997    2.995615   -0.091531   -1.656334    2.390208; 
 0.138885 -0.026733 -0.985016   -0.164795   -0.343323   -0.192261     0.216438   -0.019308   -0.230484   -0.190159   -1.597930    3.001518   -0.088975   -1.654375    2.387614; 
 0.140625 -0.025909 -0.974121   -1.029968    0.096130    1.071167     0.216438   -0.020048   -0.227396   -0.182201   -1.597388    2.998222   -0.092363   -1.658731    2.380881; 
 0.139435 -0.023621 -0.968811   -0.398254    0.013733    1.977539     0.215350   -0.018961   -0.233311   -0.167809   -1.595173    2.998651   -0.087819   -1.651886    2.396204; 
 0.141724 -0.018494 -0.970917   -0.961304    0.741577    0.947571     0.217220   -0.019961   -0.227744   -0.129758   -1.589842    2.996647   -0.091635   -1.658219    2.379841; 
 0.141449 -0.015289 -0.972473   -0.714111    0.054932    0.054932     0.215959   -0.019830   -0.231093   -0.107673   -1.586517    2.997153   -0.091568   -1.656398    2.390034; 
 0.141724 -0.020782 -0.970642   -0.782776    0.686646    0.714111     0.216133   -0.019613   -0.230049   -0.145603   -1.592204    2.996607   -0.090497   -1.655846    2.387373; 
 0.142914 -0.022064 -0.977966   -0.672913    0.151062    0.205994     0.217220   -0.020309   -0.227222   -0.153179   -1.593354    2.996486   -0.093223   -1.659937    2.378696; 
 0.136230 -0.021881 -0.984467   -1.496887   -1.414490    0.453186     0.215437   -0.018700   -0.232876   -0.159258   -1.593019    3.004086   -0.086582   -1.650923    2.395073; 
 0.139435 -0.020416 -0.983826   -1.675415    0.274658    0.096130     0.216872   -0.020396   -0.227831   -0.145388   -1.591545    3.000803   -0.093769   -1.660079    2.380833; 
 0.141266 -0.018494 -0.981812   -1.084900   -0.343323   -0.508118     0.214872   -0.019395   -0.230745   -0.130174   -1.589630    2.998691   -0.090021   -1.654655    2.391800; 
 0.141541 -0.016937 -0.977600   -0.769043   -0.054932   -0.288391     0.216438   -0.018961   -0.230745   -0.119097   -1.588120    2.997808   -0.087380   -1.652783    2.388178; 
 0.142822 -0.018219 -0.980347   -1.661682    0.013733   -0.906372     0.217307   -0.020265   -0.227092   -0.126879   -1.589378    2.996925   -0.092987   -1.659798    2.378209; 
 0.140625 -0.025635 -0.981262   -2.362061   -0.054932   -0.192261     0.214959   -0.018874   -0.233311   -0.180312   -1.596915    2.999252   -0.087576   -1.651515    2.397111; 
 0.143646 -0.020416 -0.989960   -2.664185   -0.439453    0.466919     0.217394   -0.019743   -0.228179   -0.141183   -1.591417    2.997495   -0.090570   -1.657107    2.380394; 
 0.140533 -0.015656 -0.990326   -3.007507   -1.002502    0.398254     0.215133   -0.019135   -0.231702   -0.110943   -1.586603    3.000628   -0.088709   -1.653192    2.393258; 
 0.141907 -0.015015 -0.983459   -2.897644    0.164795    0.260925     0.216438   -0.019221   -0.230397   -0.105414   -1.586062    2.998288   -0.088576   -1.654031    2.387425; 
 0.142548 -0.014923 -0.981720   -3.543091   -1.071167   -0.164795     0.216698   -0.019700   -0.227048   -0.104309   -1.585996    2.997398   -0.090660   -1.657345    2.379514; 
 0.141998 -0.014008 -0.980072   -3.858948    0.151062   -0.549316     0.215220   -0.018482   -0.233702   -0.098328   -1.585088    2.997708   -0.085666   -1.649717    2.397341; 
 0.142181 -0.012177 -0.979431   -2.554321   -1.510620   -0.727844     0.217612   -0.019743   -0.228266   -0.085432   -1.583228    2.997432   -0.090480   -1.657074    2.380085; 
 0.139709 -0.014008 -0.974213   -2.732849   -0.494385   -1.290894     0.215785   -0.018656   -0.231702   -0.099928   -1.585174    2.999156   -0.086243   -1.651141    2.391748; 
 0.141632 -0.014191 -0.970093   -2.636719   -0.810242   -1.524353     0.216438   -0.018439   -0.231006   -0.099861   -1.585423    2.996618   -0.084987   -1.650447    2.388742; 
 0.141541 -0.011993 -0.971008   -1.853943    0.013733   -0.975037     0.216220   -0.018961   -0.227309   -0.084533   -1.583147    2.996846   -0.087467   -1.654017    2.381192; 
 0.140808 -0.009979 -0.976685   -2.128601   -0.439453   -1.661682     0.215133   -0.018091   -0.233224   -0.070753   -1.581013    2.998410   -0.083894   -1.648210    2.396522; 
 0.140991 -0.009521 -0.978973   -2.183533   -1.181030   -1.400757     0.217046   -0.019048   -0.228005   -0.067430   -1.580522    2.998557   -0.087534   -1.654143    2.380813; 
 0.142639 -0.010254 -0.982361   -3.378296   -0.219727   -2.265930     0.215350   -0.018091   -0.231789   -0.071764   -1.581234    2.997400   -0.083810   -1.648687    2.392941; 
 0.142639 -0.008606 -0.988770   -3.694153    0.315857   -2.114868     0.216698   -0.017830   -0.231180   -0.060261   -1.579500    2.998322   -0.082095   -1.647770    2.388516; 
 0.141998 -0.006042 -0.994537   -3.378296    0.082397   -1.661682     0.217133   -0.018961   -0.227266   -0.042528   -1.576872    2.999773   -0.087101   -1.654033    2.378991; 
 0.142731  0.000549 -0.986938   -4.779053    0.274658   -2.183533     0.215611   -0.017525   -0.233528    0.003849   -1.570240    2.997969   -0.081104   -1.645702    2.396065; 
 0.144012  0.010529 -0.976776   -7.800293   -0.123596   -3.227234     0.217220   -0.018482   -0.228266    0.072979   -1.560018    2.995211   -0.084881   -1.651588    2.380984; 
 0.136414  0.027466 -0.992981  -11.576843   -0.549316   -4.545593     0.215698   -0.017699   -0.231528    0.198686   -1.543143    3.005069   -0.081873   -1.647094    2.391575; 
 0.142181  0.026459 -1.003784  -18.072510   -0.782776   -3.996277     0.217133   -0.017352   -0.230919    0.183987   -1.544443    3.000883   -0.079742   -1.645797    2.386953; 
 0.151611  0.034058 -0.976776  -22.233582   -0.796509   -6.907654     0.216698   -0.016830   -0.227657    0.220970   -1.535943    2.987605   -0.077508   -1.644588    2.380852; 
 0.126984  0.045319 -0.972290  -23.359680   -2.046204   -7.814026     0.214872   -0.014960   -0.234007    0.342796   -1.524220    3.011725   -0.069509   -1.634638    2.398796; 
 0.126160  0.035156 -0.982635  -24.650574   -2.101135  -10.354614     0.216611   -0.014960   -0.228179    0.271770   -1.535034    3.013902   -0.068953   -1.636264    2.382196; 
 0.094208 -0.099243 -0.948669  -19.871521   -3.254700   -9.503174     0.215350   -0.014220   -0.232137   -0.811422   -1.675030    3.042612   -0.065938   -1.631979    2.393689; 
 0.124969 -0.096954 -0.995819   -2.691650   -4.312134   -4.545593     0.216438   -0.013960   -0.232137   -0.659825   -1.667852    3.016751   -0.064407   -1.630859    2.391178; 
 0.162781 -0.110870 -0.985931   -3.790283   -5.973816   -1.455688     0.216698   -0.014220   -0.228440   -0.597930   -1.682778    2.977965   -0.065529   -1.632966    2.382566; 
 0.185577 -0.076447 -0.956360   -6.564331   -2.622986    2.224731     0.214437   -0.012350   -0.234963   -0.390756   -1.650562    2.949929   -0.057531   -1.623311    2.401837; 
 0.168732 -0.012726 -0.949585   -6.756592    0.700378    3.831482     0.216133   -0.013525   -0.229440   -0.075278   -1.584197    2.965738   -0.062494   -1.629674    2.386051; 
