# Created by Octave 2.9.9, Sat Dec 01 18:05:47 2007 EST <lady3jane@straylight.student.umd.edu>
# name: delays
# type: matrix
# rows: 1
# columns: 5
 0.000149630269742389 0.0001490420577908715 0.0002017052700445174 0.00010213691817922 0.0002509112118440101
